temperature[K] diff-coeff[x10^-7 cm^2/s] stderr(diff-coeff,over-individual-lipids) lipidname
---------------------------------------------------------------------
277 1.93383 1.93383 MPPM
277 1.37082 1.37082 MPPV
277 1.99929 1.99929 MVPE
277 1.39217 1.39217 YPMN
277 1.36608 1.36608 YPMV
277 2.00793 2.00793 YVPE
277 2.4314 2.4314 YVPG
277 2.05089 2.05089 PMPE
277 1.95776 1.95776 PMPG
277 2.12765 2.12765 PNPE
277 1.86797 1.86797 PNPG
277 2.24065 2.24065 PYPG
277 2.094 2.094 PVPE
277 2.13021 2.13021 PVPG
285 1.91645 1.91645 MPPM
285 1.79962 1.79962 MPPV
285 2.73432 2.73432 MVPE
285 1.7603 1.7603 YPMN
285 1.98275 1.98275 YPMV
285 2.74205 2.74205 YVPE
285 2.71694 2.71694 YVPG
285 2.60126 2.60126 PMPE
285 2.73684 2.73684 PMPG
285 2.67755 2.67755 PNPE
285 2.91052 2.91052 PNPG
285 2.52337 2.52337 PYPG
285 2.7324 2.7324 PVPE
285 2.84059 2.84059 PVPG
296 3.49486 3.49486 MPPM
296 2.57963 2.57963 MPPV
296 3.93109 3.93109 MVPE
296 2.95554 2.95554 YPMN
296 2.41002 2.41002 YPMV
296 3.96021 3.96021 YVPE
296 3.32964 3.32964 YVPG
296 4.03182 4.03182 PMPE
296 4.01586 4.01586 PMPG
296 4.1336 4.1336 PNPE
296 3.36878 3.36878 PNPG
296 3.90783 3.90783 PYPG
296 4.16608 4.16608 PVPE
296 3.69856 3.69856 PVPG
310 3.38982 3.38982 MPPM
310 4.26419 4.26419 MPPV
310 5.14718 5.14718 MVPE
310 3.5133 3.5133 YPMN
310 3.46253 3.46253 YPMV
310 5.31636 5.31636 YVPE
310 5.07186 5.07186 YVPG
310 5.2523 5.2523 PMPE
310 5.36312 5.36312 PMPG
310 5.1102 5.1102 PNPE
310 5.72955 5.72955 PNPG
310 4.73295 4.73295 PYPG
310 5.26141 5.26141 PVPE
310 5.15781 5.15781 PVPG
320 5.69808 5.69808 MPPM
320 4.32381 4.32381 MPPV
320 7.51171 7.51171 MVPE
320 3.92335 3.92335 YPMN
320 4.81564 4.81564 YPMV
320 7.00743 7.00743 YVPE
320 7.25873 7.25873 YVPG
320 7.09795 7.09795 PMPE
320 6.8837 6.8837 PMPG
320 6.81119 6.81119 PNPE
320 7.48684 7.48684 PNPG
320 7.31566 7.31566 PYPG
320 7.32498 7.32498 PVPE
320 6.95131 6.95131 PVPG
