temperature[K] diff-coeff[x10^-7 cm^2/s] stderr(diff-coeff) lipidname
-------------------------------------
277 0.0877924 0.00888603 YPMN
277 0.108462 0.0025388 YPMV
277 0.0916046 0.00161916 MPPV
277 0.0939969 0.0105931 MPPM
277 0.134947 0.000489049 PMPG
277 0.136982 0.0051779 PNPG
277 0.140467 0.0025335 YVPG
277 0.136604 0.0075533 PVPG
277 0.151328 0.0069354 PYPG
277 0.137394 0.00058845 YVPE
277 0.140424 0.0028131 PMPE
277 0.137356 0.000478898 PNPE
277 0.136399 0.0014091 MVPE
277 0.13493 0.0015276 PVPE
285 0.172245 0.0169839 YPMN
285 0.169029 0.0138782 YPMV
285 0.154008 0.0155281 MPPV
285 0.15148 0.0328946 MPPM
285 0.224256 0.00674091 PMPG
285 0.218527 0.030483 PNPG
285 0.203475 0.0189765 YVPG
285 0.232628 0.0185256 PVPG
285 0.216386 0.0293532 PYPG
285 0.219557 0.00780796 YVPE
285 0.225023 0.00504059 PMPE
285 0.218785 0.0262061 PNPE
285 0.219545 0.0132111 MVPE
285 0.225358 0.00497195 PVPE
296 0.279892 0.00594499 YPMN
296 0.303 0.0103331 YPMV
296 0.332228 0.00418015 MPPV
296 0.219381 0.006541 MPPM
296 0.429131 0.0327366 PMPG
296 0.455394 0.0088911 PNPG
296 0.406992 0.0196169 YVPG
296 0.449613 0.0168485 PVPG
296 0.469678 0.0174572 PYPG
296 0.415849 0.0147769 YVPE
296 0.400371 0.0032617 PMPE
296 0.377704 0.000786502 PNPE
296 0.424175 0.0217041 MVPE
296 0.392345 0.0219226 PVPE
310 0.670715 0.0860557 YPMN
310 0.685132 0.103361 YPMV
310 0.657609 0.023249 MPPV
310 0.592055 0.238838 MPPM
310 0.889111 0.0510168 PMPG
310 0.79629 0.022491 PNPG
310 1.02936 0.012079 YVPG
310 0.954948 0.0172784 PVPG
310 0.888621 0.0617598 PYPG
310 0.906107 0.00286065 YVPE
310 0.853915 0.019784 PMPE
310 0.940164 0.00543543 PNPE
310 0.902229 0.0288896 MVPE
310 0.862445 0.020711 PVPE
320 0.854191 0.000207871 YPMN
320 0.799121 0.03191 YPMV
320 0.865737 0.0330267 MPPV
320 0.916724 0.218656 MPPM
320 1.31759 0.0355475 PMPG
320 1.23533 0.147559 PNPG
320 1.45921 0.268616 YVPG
320 1.39585 0.073415 PVPG
320 1.44057 0.0046825 PYPG
320 1.36822 0.021264 YVPE
320 1.27906 0.016556 PMPE
320 1.32778 0.124174 PNPE
320 1.29348 0.0188105 MVPE
320 1.32571 0.0222115 PVPE
